Restuarant Distance,Station Distance
80,0
80,0
238,0
239,0
44,0
5,979
213,0
77,0
20,0
97,984
50,0
184,0
114,922
17,0
64,0
76,710
111,754
42,527
36,742
54,482
34,0
5,0
299,0
66,0
20,0
80,0
161,0
81,0
146,463
223,0
39,0
45,0
12,0
30,735
157,96
418,0
134,924
167,0
107,989
179,0
314,659
352,0
277,0
109,0
27,0
56,0
65,0
19,0
164,0
60,0
182,0
47,0
54,0
24,0
79,0
89,0
58,0
45,0
65,0
58,0
101,0
196,0
223,0
319,0
133,0
322,0
372,0
45,0
67,0
123,0
495,0
62,0
114,0
292,0
193,0
76,0
110,0
30,0
328,0
125,0
159,0
87,0
148,0
42,0
171,0
66,0
82,0
215,0
29,0
132,0
57,0
78,0
106,0
50,0
81,0
90,0
28,0
23,0
142,0
22,0
243,0
383,0
44,0
113,0
187,0
255,0
88,0
244,0
48,0
58,0
35,0
31,0
196,0
177,0
315,0
13,0
49,0
14,0
60,0
58,0
295,0
96,0
140,0
119,0
182,0
32,0
70,0
58,0
649,0
340,0
36,0
98,0
422,0
491,0
65,0
64,0
148,0
87,0
702,0
28,0
6,0
79,0
281,0
177,0
59,0
32,0
429,0
23,0
244,0
92,820
125,0
15,0
74,0
83,0
59,0
111,0
42,0
522,0
55,0
121,0
196,0
116,181
233,0
114,0
